--------------------------------
(1) Is NOT solvable
3 7 5 
  4 2 
8 1 6 

--------------------------------
(2) Is solvable
2 6 3 
1   8 
5 4 7 

Tiles to move:
6, 2, 1, 5, 4, 7, 8, 6, 5, 4, 7, 8

Total of 12 moves
--------------------------------
(3) Is NOT solvable
4 1 6 
  8 7 
2 3 5 

--------------------------------
(4) Is solvable
7 2 6 
4 1 3 
8   5 

Tiles to move:
5, 3, 6, 2, 1, 6, 3, 5, 6, 4, 7, 1, 2, 3, 5, 6, 8, 7, 4, 5, 6

Total of 21 moves
--------------------------------
(5) Is NOT solvable
1   8 
3 6 5 
4 2 7 

--------------------------------
(6) Is solvable
6   2 
3 4 7 
1 5 8 

Tiles to move:
6, 3, 1, 5, 4, 7, 2, 6, 3, 1, 7, 4, 5, 7, 4, 2, 6, 3, 2, 5, 8

Total of 21 moves
--------------------------------
(7) Is solvable
3 6 1 
4 8 5 
7 2   

Tiles to move:
5, 8, 2, 5, 8, 1, 6, 3, 4, 2, 1, 6, 3, 1, 2, 4, 1, 2, 5, 8

Total of 20 moves
--------------------------------
(8) Is solvable
2 8   
1 3 6 
5 4 7 

Tiles to move:
8, 3, 6, 8, 3, 2, 1, 5, 4, 7, 8, 6, 5, 4, 7, 8

Total of 16 moves
--------------------------------
(9) Is solvable
3 1 4 
6   7 
5 2 8 

Tiles to move:
2, 5, 6, 2, 1, 3, 2, 1, 7, 4, 3, 2, 1, 7, 4, 8, 5, 6, 7, 4, 6, 5, 8, 6, 5, 8

Total of 26 moves
--------------------------------
(10) Is solvable
5 2 4 
8 3 7 
1 6   

Tiles to move:
7, 3, 8, 5, 2, 4, 3, 8, 6, 7, 8, 6, 5, 1, 7, 5, 4, 2, 1, 4, 5, 8

Total of 22 moves

--------------------------------
